0000000000000000000000000000000000000000
0000000000000000000000000000000000000000
0000000000000111111111111111000000000000
0000000000000111111111111111000000000000
0000000000111111111111111111111000000000
0000000000111111111111111111111000000000
0000000011111111111111111111111100000000
0000000011111111111111111111111110000000
0000000011111111111111111111111111000000
0000000111111111111111111111111111000000
0000001111111111111111111111111111000000
0000001111111111111111111111111111000000
0000001111111111111111111111111111100000
0000001111111111111111111111111111110000
0000001111111111111111111111111111110000
0000001111111111111111111111111111110000
0000001111111111111111111111111111110000
0000001111111111111111111111111111110000
0000001111111111111111111111111111110000
0000001111111111111111111111111111110000
0000001111111111111111111111111111110000
0000001111111111111111111111111111110000
0000001111111111111111111111111111110000
0000001111111111111111111111111111110000
0000001111111111111111111111111111110000
0000001111111111111111111111111111110000
0000001111111111111111111111111111110000
0000001111111111111111111111111111110000
0000001111111111111111111111111111110000
0000001111111111111111111111111111100000
0000001111111111111111111111111111000000
0000000111111111111111111111111111000000
0000000111111111111111111111111111000000
0000000011111111111111111111111111000000
0000000011111111111111111111111110000000
0000000001111111111111111111111110000000
0000000000111111111111111111111000000000
0000000000011111111111111111111000000000
0000000000000111111111111111000000000000
0000000000000011111111111111000000000000

0000000000000000000000000000000000000000
0000000000000000000000000000000000000000
0000000000000111111111111111000000000000
0000000000000111111111111111000000000000
0000000000111111111111111111111000000000
0000000000111111111111111111111000000000
0000000011111111111111111111111100000000
0000000011111111111111111111111110000000
0000000011111111111111111111111111000000
0000000111111111111111111111111111000000
0000001111111111111000011111111111000000
0000001111111111100000001111111111000000
0000001111111111100000000111111111100000
0000001111111111100000000111111111110000
0000001111111111100000000111111111110000
0000001111111111100000000111111111110000
0000001111111111100000000111111111110000
0000001111111111100000000111111111110000
0000001111111111100000000111111111110000
0000001111111111100000000111111111110000
0000001111111111100000000111111111110000
0000001111111111100000000111111111110000
0000001111111111100000000111111111110000
0000001111111111100000000111111111110000
0000001111111111100000000111111111110000
0000001111111111100000000111111111110000
0000001111111111100000000111111111110000
0000001111111111100000000111111111110000
0000001111111111100000000111111111110000
0000001111111111100000001111111111100000
0000001111111111110000011111111111000000
0000000111111111111000011111111111000000
0000000111111111111111111111111111000000
0000000011111111111111111111111111000000
0000000011111111111111111111111110000000
0000000001111111111111111111111110000000
0000000000111111111111111111111000000000
0000000000011111111111111111111000000000
0000000000000111111111111111000000000000
0000000000000011111111111111000000000000




0000000000000000000000111111111100000000
0000000000000000000000111111111100000000
0000000000000000000001111111111100000000
0000000000000000000001111111111100000000
0000000000000000000111111111111100000000
0000000000000000000111111111111100000000
0000000000000000011111111111111100000000
0000000000000000111111111111111100000000
0000000000000111111111111111111100000000
0000000000011111111111111111111100000000
0000000000111111111111111111111100000000
0000000000111111111111111111111100000000
0000000000111111111111111111111100000000
0000000000111111111111111111111100000000
0000000000111111111111111111111100000000
0000000000111111100001111111111100000000
0000000000111111100001111111111100000000
0000000000111000000001111111111100000000
0000000000111000000001111111111100000000
0000000000000000000001111111111100000000
0000000000000000000001111111111100000000
0000000000000000000001111111111100000000
0000000000000000000001111111111100000000
0000000000000000000001111111111100000000
0000000000000000000001111111111100000000
0000000000000000000001111111111100000000
0000000000000000000001111111111100000000
0000000000000000000001111111111100000000
0000000000000000000001111111111100000000
0000000000000000000001111111111100000000
0000000000000000000001111111111100000000
0000000000000000000001111111111100000000
0000000000000000000001111111111100000000
0000000000000000000001111111111100000000
0000000000000000000001111111111100000000
0000000000000000000001111111111100000000
0000000000000000000001111111111100000000
0000000000000000000001111111111100000000
0000000000000000000000000000000000000000
0000000000000000000000000000000000000000




1111111111111100000000000000111111111111
1111111111111000000000000000111111111111
1111111111000000000000000000000011111111
1111111111000000000000000000000011111111
1111111100000000000000000000000000111111
1111111100000000000000000000000000111111
1111111000000000000000000000000000001111
1111111000000000000000000000000000001111
1111110000000000000111100000000000001111
1111110000000000001111110000000000001111
1111110000000000011111111000000000001111
1111110000000000011111111000000000001111
1111110000000000011111111000000000001111
1111111111111111111111111000000000001111
1111111111111111111111111000000000001111
1111111111111111111111100000000000001111
1111111111111111111111100000000000001111
1111111111111111111110000000000000111111
1111111111111111111110000000000000111111
1111111111111111111000000000000001111111
1111111111111111111000000000000011111111
1111111111111110000000000000000111111111
1111111111111110000000000000001111111111
1111111111111000000000000000011111111111
1111111111111000000000000000111111111111
1111111111100000000000000011111111111111
1111111111100000000000000111111111111111
1111111111000000000000011111111111111111
1111111110000000000000011111111111111111
1111111100000000000001111111111111111111
1111111100000000000000000000000000001111
1111111000000000000000000000000000001111
1111110000000000000000000000000000001111
1111110000000000000000000000000000001111
1111110000000000000000000000000000001111
1111110000000000000000000000000000001111
1111100000000000000000000000000000001111
1111100000000000000000000000000000001111
1111111111111111111111111111111111111111
1111111111111111111111111111111111111111

1111111111111111110000001111111111111111
1111111111111111100000000111111111111111
1111111111100000000000000000001111111111
1111111111100000000000000000001111111111
1111111110000000000000000000000011111111
1111111100000000000000000000000011111111
1111111000000000000000000000000000111111
1111111000000000000000000000000000111111
1111110000000000000111000000000000111111
1111110000000000011111100000000000111111
1111110000000000011111100000000000111111
1111111111000000011111100000000000111111
1111111111111101111111100000000000111111
1111111111111111111111000000000001111111
1111111111111111111110000000000001111111
1111111111111111110000000000000011111111
1111111111111111100000000000000011111111
1111111111111111100000000000001111111111
1111111111111111100000000000001111111111
1111111111111111100000000000000001111111
1111111111111111100000000000000001111111
1111111111111111100000000000000000111111
1111111111111111100000000000000000111111
1111111111111111111111100000000000001111
1111111111111111111111110000000000001111
1111111111111111111111111000000000001111
1111111111111111111111111000000000001111
1111111111110001111111111000000000001111
1111111100000000111111111000000000001111
1111110000000000011111111000000000001111
1111110000000000011111110000000000001111
1111110000000000001111100000000000001111
1111110000000000000000000000000000111111
1111111000000000000000000000000000111111
1111111100000000000000000000000000111111
1111111100000000000000000000000001111111
1111111111000000000000000000000111111111
1111111111100000000000000000000111111111
1111111111111110000000000001111111111111
1111111111111111000000000011111111111111


1111111111111111111111111111111111111111
1111111111111111111111111111111111111111
1111111111111111111110000000000011111111
1111111111111111111110000000000011111111
1111111111111111111110000000000011111111
1111111111111111111000000000000011111111
1111111111111111111000000000000011111111
1111111111111111110000000000000011111111
1111111111111111100000000000000011111111
1111111111111111100000000000000011111111
1111111111111110000000000000000011111111
1111111111111100000000000000000011111111
1111111111111000000000000000000011111111
1111111111111000000000000000000011111111
1111111111110000000000000000000011111111
1111111111100000000001100000000011111111
1111111111100000000001100000000011111111
1111111110000000000111100000000011111111
1111111110000000000111100000000011111111
1111111100000000011111100000000011111111
1111111000000000011111100000000011111111
1111110000000000111111100000000011111111
1111110000000000111111100000000011111111
1111000000000001111111100000000001111111
1111000000000000111111000000000001111111
1111000000000000000000000000000000000011
1111000000000000000000000000000000000011
1111000000000000000000000000000000000011
1111000000000000000000000000000000000011
1111000000000000000000000000000000000011
1111000000000000000000000000000000000011
1111000000000000000000000000000000000011
1111000000000000000000000000000000001111
1111111111111111111111100000000001111111
1111111111111111111111100000000011111111
1111111111111111111111100000000011111111
1111111111111111111111100000000011111111
1111111111111111111111100000000011111111
1111111111111111111111100000000011111111
1111111111111111111111100000000011111111


1111111111111111111111111111111111111111
1111111111111111111111111111111111111111
1111111110000000000000000000000000111111
1111111110000000000000000000000000111111
1111111110000000000000000000000000111111
1111111110000000000000000000000000111111
1111111100000000000000000000000000111111
1111111100000000000000000000000000111111
1111111100000000000000000000000000111111
1111111100000000000000000000000000111111
1111111100000000000111111111111111111111
1111111100000000011111111111111111111111
1111111100000000011111111111111111111111
1111111100000000011110000011111111111111
1111111100000000011100000000111111111111
1111111000000000000000000000000011111111
1111111000000000000000000000000011111111
1111111000000000000000000000000000111111
1111110000000000000000000000000000111111
1111110000000000000000000000000000011111
1111110000000000000000000000000000011111
1111110000000000011111100000000000001111
1111111000000000011111100000000000001111
1111111111111111111111111000000000001111
1111111111111111111111111000000000001111
1111111111111111111111111000000000001111
1111111111111111111111111000000000001111
1111111111111111111111111000000000001111
1111111111111001111111111000000000001111
1111110000000000011111111000000000001111
1111110000000000011111111000000000001111
1111110000000000011111110000000000001111
1111110000000000000000000000000000011111
1111110000000000000000000000000000111111
1111111100000000000000000000000000111111
1111111100000000000000000000000001111111
1111111111000000000000000000000011111111
1111111111000000000000000000000111111111
1111111111111000000000000000111111111111
1111111111111100000000000000111111111111


1111111111111111111111111111111111111111
1111111111111111111111111111111111111111
1111111111111100000000000000111111111111
1111111111111000000000000000011111111111
1111111111100000000000000000000111111111
1111111111000000000000000000000011111111
1111111110000000000000000000000001111111
1111111100000000000000000000000000111111
1111111100000000000000000000000000111111
1111111000000000000111100000000000111111
1111110000000000011111100000000000111111
1111110000000000011111111000011111111111
1111110000000000011111111111111111111111
1111110000000000011111111111111111111111
1111110000000000011111111111111111111111
1111110000000000111000000000001111111111
1111110000000000100000000000001111111111
1111100000000000000000000000000011111111
1111000000000000000000000000000011111111
1111000000000000000000000000000000111111
1111000000000000000000000000000000111111
1111000000000000000110000000000000111111
1111000000000000000111100000000000011111
1111000000000000011111111000000000001111
1111100000000000011111111000000000001111
1111110000000000011111111000000000001111
1111110000000000011111111000000000001111
1111110000000000011111111000000000001111
1111110000000000011111111000000000001111
1111110000000000011111111000000000001111
1111110000000000011111111000000000001111
1111110000000000011111111000000000011111
1111111000000000000000000000000000111111
1111111100000000000000000000000000111111
1111111100000000000000000000000000111111
1111111110000000000000000000000001111111
1111111111000000000000000000000011111111
1111111111100000000000000000000111111111
1111111111111100000000000000111111111111
1111111111111100000000000000111111111111


1111000000000000000000000000000000001111
1111000000000000000000000000000000001111
1111000000000000000000000000000000001111
1111000000000000000000000000000000001111
1111000000000000000000000000000000001111
1111000000000000000000000000000000001111
1111000000000000000000000000000000001111
1111000000000000000000000000000000001111
1111000000000000000000000000000000011111
1111110000000000000000000000000000111111
1111111111111111111111100000000001111111
1111111111111111111110000000000011111111
1111111111111111111110000000000011111111
1111111111111111111000000000001111111111
1111111111111111111000000000001111111111
1111111111111111111000000000011111111111
1111111111111111111000000000011111111111
1111111111111111100000000000111111111111
1111111111111111100000000000111111111111
1111111111111111000000000001111111111111
1111111111111111000000000001111111111111
1111111111111110000000000011111111111111
1111111111111110000000000011111111111111
1111111111111110000000000111111111111111
1111111111111100000000000111111111111111
1111111111111000000000000111111111111111
1111111111111000000000000111111111111111
1111111111111000000000001111111111111111
1111111111111000000000011111111111111111
1111111111111000000000011111111111111111
1111111111110000000000011111111111111111
1111111111110000000000011111111111111111
1111111111110000000000011111111111111111
1111111111110000000000011111111111111111
1111111111100000000000011111111111111111
1111111111100000000000011111111111111111
1111111111100000000000011111111111111111
1111111111100000000000011111111111111111
1111111111111111111111111111111111111111
1111111111111111111111111111111111111111


1111111111111100000000000001111111111111
1111111111111000000000000001111111111111
1111111111000000000000000000000111111111
1111111111000000000000000000000111111111
1111111100000000000000000000000011111111
1111111100000000000000000000000001111111
1111111000000000000000000000000000111111
1111110000000000000110000000000000111111
1111110000000000011111100000000000111111
1111110000000000011111100000000000111111
1111110000000000011111100000000000111111
1111110000000000011111100000000000111111
1111110000000000011111100000000000111111
1111111000000000001111100000000000111111
1111111000000000000110000000000001111111
1111111100000000000000000000000011111111
1111111100000000000000000000000011111111
1111111111000000000000000000000111111111
1111111111000000000000000000000111111111
1111111100000000000000000000000011111111
1111111100000000000000000000000001111111
1111110000000000000110000000000000111111
1111110000000000000110000000000000111111
1111110000000000011111100000000000011111
1111110000000000011111100000000000011111
1111100000000000111111111000000000001111
1111100000000000111111111000000000001111
1111100000000000111111111000000000001111
1111100000000000011111110000000000001111
1111110000000000011111100000000000011111
1111110000000000011111100000000000111111
1111110000000000000110000000000000111111
1111110000000000000000000000000000111111
1111110000000000000000000000000000111111
1111111100000000000000000000000011111111
1111111100000000000000000000000011111111
1111111111000000000000000000001111111111
1111111111100000000000000000011111111111
1111111111111111111111111111111111111111
1111111111111111111111111111111111111111


1111111111111111000000111111111111111111
1111111111111110000000011111111111111111
1111111111000000000000000000011111111111
1111111111000000000000000000011111111111
1111111100000000000000000000000111111111
1111111100000000000000000000000111111111
1111111000000000000000000000000011111111
1111110000000000000000000000000001111111
1111110000000000000110000000000000111111
1111110000000000011111100000000000111111
1111110000000001111111100000000000111111
1111100000000001111111110000000000111111
1111000000000001111111111000000000011111
1111000000000001111111111000000000011111
1111000000000001111111111000000000001111
1111100000000001111111111000000000001111
1111100000000001111111111000000000001111
1111110000000000011111100000000000001111
1111110000000000011111100000000000001111
1111110000000000000000000000000000001111
1111110000000000000000000000000000001111
1111111000000000000000000000000000001111
1111111100000000000000000000000000001111
1111111110000000000000000000000000001111
1111111111000000000000000000000000001111
1111111111110000000001111000000000001111
1111111111111100000111111000000000011111
1111111111111111111111111000000000011111
1111111111111111111111110000000000111111
1111111111000000011111100000000000111111
1111110000000000011111100000000000111111
1111110000000000011110000000000000111111
1111110000000000000000000000000001111111
1111110000000000000000000000000011111111
1111111100000000000000000000000011111111
1111111100000000000000000000000111111111
1111111111000000000000000000011111111111
1111111111100000000000000000011111111111
1111111111111100000000001111111111111111
1111111111111100000000001111111111111111
